C = 100e-9;
f = 1000;
R = 1/(f*2*pi*C)